start=1150.191000
fullscreen=yes
sub-delay=0.000002
